D: [0.0, 0.0, 0.0, 0.0, 0.0]
K: [540.68603515625, 0.0, 479.75, 0.0, 540.68603515625, 269.75, 0.0, 0.0, 1.0]
R: [1.0, 0.0, 0.0, 0.0, 1.0, 0.0, 0.0, 0.0, 1.0]
P: [540.68603515625, 0.0, 479.75, 0.0, 0.0, 540.68603515625, 269.75, 0.0, 0.0, 0.0, 1.0, 0.0]

